empi_anon
96314710
38931557
93662622
56662306
56662306
85236543
85236543
45410418
81801704
76864026
76864026
76864026
90070325
15853739
15853739
28776454
23566696
23566696
23566696
79459134
42075101
40297513
65655613
65655613
96278772
96278772
33814754
33814754
33814754
67816275
80705217
80705217
96278772
78395812
45557005
46478314
76237303
79414785
79414785
42075101
43262660
43262660
23052392
35962313
44707480
76711313
49585157
85815907
40393595
53896979
53896979
33018277
64958223
94808979
95323983
26546413
95699410
72957424
76832590
85667976
65472808
11513410
11513410
34707234
62291083
72883848
62523789
62523789
19061409
48715453
48715453
23403355
25108560
10119504
10119504
18148012
81933163
37311354
16329335
16329335
11512064
75216496
44752536
27864721
27864721
47171809
47171809
97789663
92802516
20417138
15568052
89879279
63869662
63869662
22574891
53207109
53207109
26563513
48550316
44903999
47680082
66479641
66479641
40611291
48724660
69032854
28360491
28360491
61191389
61191389
62048922
54161745
50605060
50605060
26525878
45780567
97643376
97643376
44368783
44368783
12636030
66874756
38884641
16807232
71331989
71331989
53577307
16116521
16116521
50070966
80725237
82862618
87160705
43509627
43509627
81498871
81498871
59431455
51467378
66786409
18943455
18943455
10143862
79507916
23842083
13198934
34621075
94251786
